1	10
2	9
3	6
4	3
5	10
6	3
7	6
8	5
9	5
10	10
11	3
12	11
13	1
14	6
15	1
16	6
17	10
18	4
19	1
20	7
21	4
22	5
23	5
24	10
25	11
26	9
27	1
28	4
29	11
30	7
31	7
32	1
33	6
34	9
35	1
36	7
37	1
38	9
39	1
40	6
41	3
42	10
43	1
44	1
45	2
46	9
47	8
48	6
49	2
50	8
51	5
52	5
53	3
54	8
55	1
56	7
57	4
58	2
59	2
60	2
61	6
62	1
63	4
64	2
65	6
66	4
67	2
68	8
69	5
70	11
71	4
72	1
73	3
74	8
75	3
76	2
77	4
78	5
79	5
80	7
81	7
82	3
83	7
84	8
85	3
86	1
87	2
88	4
89	8
90	9
91	11
92	2
93	2
94	10
95	7
96	4
97	4
98	2
99	3
100	1
101	6
102	7
103	3
104	9
105	10
106	9
107	6
108	3
109	5
110	9
111	8
112	5
113	2
114	4
115	8
